0	15
1	15.2
2	15.4
3	15.6
4	15.8
5	16
6	16.1
7	16.3
8	16.5
9	16.6
10	16.8
11	16.9
12	17
13	17.1
14	17.3
15	17.4
16	17.5
17	17.6
18	17.7
19	17.8
20	17.9
21	18
22	18
23	18.1
24	18.2
25	18.3
26	18.3
27	18.4
28	18.5
29	18.5
30	18.6
31	18.6
32	18.7
33	18.7
34	18.8
35	18.8
36	18.9
37	18.9
38	19
39	19
40	19
41	19.1
42	19.1
43	19.1
44	19.2
45	19.2
46	19.2
47	19.2
48	19.2
49	19.2
50	19.2
51	19.2
52	19.2
53	19.2
54	19.2
55	19.2
56	19.2
57	19.2
58	19.2
59	19.1
60	19.1
61	19.1
62	19
63	19
64	19
65	18.9
66	18.9
67	18.8
68	18.8
69	18.7
70	18.6
71	18.6
72	18.5
73	18.4
74	18.3
75	18.2
76	18.1
77	17.9
78	17.8
79	17.6
80	17.5
81	17.3
82	17.1
83	16.9
84	16.7
85	16.4
86	16.2
87	15.9
88	15.6
89	15.3
90	15
91	14.7
92	14.3
93	13.9
94	13.5
95	13.1
96	12.7
97	12.3
98	11.8
99	11.3
100	10.9
101	10.4
102	9.9
103	9.3
104	8.8
105	8.3
106	7.7
107	7.2
108	6.6
109	6.1
110	5.5
111	5
112	4.4
113	3.9
114	3.3
115	2.8
116	2.2
117	1.7
118	1.2
119	0.7
120	0.2
121	359.7
122	359.2
123	358.7
124	358.3
125	357.9
126	357.5
127	357.1
128	356.7
129	356.4
130	356.1
131	355.8
132	355.5
133	355.3
134	355
135	354.8
136	354.7
137	354.5
138	354.4
139	354.3
140	354.3
141	354.2
142	354.2
143	354.3
144	354.3
145	354.4
146	354.6
147	354.7
148	354.9
149	355.1
150	355.4
151	355.7
152	356
153	356.4
154	356.7
155	357.2
156	357.6
157	358.1
158	358.6
159	359.2
160	359.7
161	0.3
162	1
163	1.6
164	2.3
165	3
166	3.7
167	4.5
168	5.2
169	6
170	6.8
171	7.6
172	8.4
173	9.2
174	10
175	10.8
176	11.7
177	12.5
178	13.3
179	14.2
180	15
181	15.8
182	16.6
183	17.4
184	18.2
185	19
186	19.8
187	20.5
188	21.2
189	21.9
190	22.6
191	23.3
192	24
193	24.6
194	25.2
195	25.8
196	26.4
197	26.9
198	27.4
199	27.9
200	28.4
201	28.8
202	29.3
203	29.7
204	30
205	30.4
206	30.7
207	31
208	31.2
209	31.5
210	31.7
211	31.9
212	32
213	32.2
214	32.3
215	32.3
216	32.4
217	32.4
218	32.5
219	32.4
220	32.4
221	32.3
222	32.3
223	32.2
224	32
225	31.9
226	31.7
227	31.6
228	31.4
229	31.1
230	30.9
231	30.7
232	30.4
233	30.1
234	29.8
235	29.5
236	29.2
237	28.9
238	28.5
239	28.2
240	27.8
241	27.4
242	27
243	26.6
244	26.2
245	25.8
246	25.4
247	25
248	24.6
249	24.1
250	23.7
251	23.3
252	22.8
253	22.4
254	22
255	21.5
256	21.1
257	20.6
258	20.2
259	19.8
260	19.3
261	18.9
262	18.4
263	18
264	17.5
265	17.1
266	16.7
267	16.3
268	15.8
269	15.4
270	15
271	14.6
272	14.2
273	13.8
274	13.4
275	13
276	12.6
277	12.3
278	11.9
279	11.5
280	11.2
281	10.8
282	10.5
283	10.2
284	9.9
285	9.6
286	9.3
287	9
288	8.7
289	8.5
290	8.2
291	8
292	7.7
293	7.5
294	7.3
295	7.1
296	6.9
297	6.8
298	6.6
299	6.5
300	6.3
301	6.2
302	6.1
303	6
304	5.9
305	5.8
306	5.8
307	5.7
308	5.7
309	5.6
310	5.6
311	5.6
312	5.6
313	5.6
314	5.7
315	5.7
316	5.7
317	5.8
318	5.9
319	5.9
320	6
321	6.1
322	6.3
323	6.4
324	6.5
325	6.7
326	6.8
327	7
328	7.2
329	7.3
330	7.5
331	7.7
332	7.9
333	8.2
334	8.4
335	8.6
336	8.9
337	9.1
338	9.4
339	9.6
340	9.9
341	10.1
342	10.4
343	10.7
344	10.9
345	11.2
346	11.5
347	11.8
348	12
349	12.3
350	12.6
351	12.8
352	13.1
353	13.3
354	13.6
355	13.9
356	14.1
357	14.3
358	14.6
359	14.8
360	15
1	311.3
2	311.3
3	311.3
4	311.4
5	311.4
6	311.4
7	311.4
8	311.5
9	311.5
10	311.6
11	311.6
12	311.6
13	311.7
14	311.7
15	311.8
16	311.9
17	311.9
18	312
19	312.1
20	312.1
21	312.2
22	312.3
23	312.4
24	312.5
25	312.6
26	312.7
27	312.8
28	312.9
29	313
30	313.2
31	313.3
32	313.5
33	313.6
34	313.8
35	314
36	314.2
37	314.4
38	314.6
39	314.8
40	315
41	315.2
42	315.5
43	315.7
44	316
45	316.3
46	316.5
47	316.8
48	317.1
49	317.4
50	317.7
51	318.1
52	318.4
53	318.7
54	319
55	319.3
56	319.7
57	320
58	320.3
59	320.7
60	321
61	321.3
62	321.7
63	322
64	322.3
65	322.6
66	322.9
67	323.2
68	323.5
69	323.8
70	324.1
71	324.3
72	324.6
73	324.9
74	325.1
75	325.3
76	325.5
77	325.8
78	326
79	326.1
80	326.3
81	326.5
82	326.6
83	326.7
84	326.9
85	327
86	327.1
87	327.1
88	327.2
89	327.2
90	327.3
91	327.3
92	327.3
93	327.2
94	327.2
95	327.1
96	327.1
97	327
98	326.9
99	326.7
100	326.6
101	326.4
102	326.2
103	326
104	325.8
105	325.6
106	325.3
107	325
108	324.7
109	324.4
110	324.1
111	323.7
112	323.4
113	323
114	322.6
115	322.2
116	321.7
117	321.3
118	320.9
119	320.4
120	319.9
121	319.5
122	319
123	318.5
124	318
125	317.5
126	317
127	316.5
128	316
129	315.5
130	315
131	314.5
132	314
133	313.5
134	313
135	312.6
136	312.1
137	311.6
138	311.2
139	310.7
140	310.3
141	309.8
142	309.4
143	309
144	308.6
145	308.2
146	307.8
147	307.4
148	307
149	306.6
150	306.3
151	305.9
152	305.6
153	305.3
154	304.9
155	304.6
156	304.3
157	304
158	303.8
159	303.5
160	303.2
161	303
162	302.8
163	302.5
164	302.3
165	302.1
166	302
167	301.8
168	301.7
169	301.5
170	301.4
171	301.3
172	301.2
173	301.2
174	301.1
175	301.1
176	301.1
177	301.1
178	301.1
179	301.2
180	301.2
181	301.3
182	301.4
183	301.5
184	301.6
185	301.8
186	301.9
187	302.1
188	302.3
189	302.5
190	302.7
191	302.9
192	303.2
193	303.4
194	303.7
195	304
196	304.3
197	304.6
198	304.9
199	305.2
200	305.6
201	305.9
202	306.3
203	306.7
204	307.1
205	307.5
206	307.9
207	308.4
208	308.8
209	309.3
210	309.7
211	310.2
212	310.7
213	311.2
214	311.7
215	312.2
216	312.8
217	313.3
218	313.9
219	314.4
220	315
221	315.6
222	316.1
223	316.7
224	317.3
225	317.9
226	318.5
227	319
228	319.6
229	320.2
230	320.7
231	321.3
232	321.8
233	322.3
234	322.9
235	323.4
236	323.8
237	324.3
238	324.8
239	325.2
240	325.6
241	326
242	326.4
243	326.7
244	327.1
245	327.4
246	327.6
247	327.9
248	328.1
249	328.4
250	328.6
251	328.7
252	328.9
253	329
254	329.1
255	329.2
256	329.3
257	329.3
258	329.3
259	329.3
260	329.3
261	329.2
262	329.2
263	329.1
264	329
265	328.9
266	328.8
267	328.6
268	328.5
269	328.3
270	328.1
271	327.9
272	327.7
273	327.4
274	327.2
275	326.9
276	326.6
277	326.3
278	326
279	325.7
280	325.4
281	325.1
282	324.7
283	324.4
284	324
285	323.7
286	323.3
287	322.9
288	322.6
289	322.2
290	321.8
291	321.4
292	321
293	320.7
294	320.3
295	319.9
296	319.5
297	319.1
298	318.8
299	318.4
300	318.1
301	317.7
302	317.4
303	317
304	316.7
305	316.4
306	316.1
307	315.8
308	315.5
309	315.3
310	315
311	314.8
312	314.5
313	314.3
314	314.1
315	313.9
316	313.7
317	313.5
318	313.3
319	313.2
320	313
321	312.9
322	312.8
323	312.7
324	312.5
325	312.4
326	312.3
327	312.2
328	312.2
329	312.1
330	312
331	311.9
332	311.9
333	311.8
334	311.8
335	311.7
336	311.7
337	311.6
338	311.6
339	311.5
340	311.5
341	311.5
342	311.4
343	311.4
344	311.4
345	311.3
346	311.3
347	311.3
348	311.3
349	311.3
350	311.2
351	311.2
352	311.2
353	311.2
354	311.2
355	311.2
356	311.2
357	311.2
358	311.2
359	311.3
360	311.3
1	345.2
2	345.4
3	345.7
4	345.9
5	346.1
6	346.4
7	346.7
8	346.9
9	347.2
10	347.4
11	347.7
12	348
13	348.2
14	348.5
15	348.8
16	349.1
17	349.3
18	349.6
19	349.9
20	350.1
21	350.4
22	350.6
23	350.9
24	351.1
25	351.4
26	351.6
27	351.8
28	352.1
29	352.3
30	352.5
31	352.7
32	352.8
33	353
34	353.2
35	353.3
36	353.5
37	353.6
38	353.7
39	353.9
40	354
41	354.1
42	354.1
43	354.2
44	354.3
45	354.3
46	354.3
47	354.4
48	354.4
49	354.4
50	354.4
51	354.4
52	354.3
53	354.3
54	354.2
55	354.2
56	354.1
57	354
58	353.9
59	353.8
60	353.7
61	353.5
62	353.4
63	353.2
64	353.1
65	352.9
66	352.7
67	352.5
68	352.3
69	352
70	351.8
71	351.5
72	351.3
73	351
74	350.7
75	350.4
76	350.1
77	349.8
78	349.5
79	349.2
80	348.8
81	348.5
82	348.1
83	347.7
84	347.4
85	347
86	346.6
87	346.2
88	345.8
89	345.4
90	345
91	344.6
92	344.2
93	343.7
94	343.3
95	342.9
96	342.5
97	342
98	341.6
99	341.1
100	340.7
101	340.2
102	339.8
103	339.4
104	338.9
105	338.5
106	338
107	337.6
108	337.2
109	336.7
110	336.3
111	335.9
112	335.4
113	335
114	334.6
115	334.2
116	333.8
117	333.4
118	333
119	332.6
120	332.2
121	331.8
122	331.5
123	331.1
124	330.8
125	330.5
126	330.2
127	329.9
128	329.6
129	329.3
130	329.1
131	328.9
132	328.6
133	328.4
134	328.3
135	328.1
136	328
137	327.8
138	327.7
139	327.7
140	327.6
141	327.6
142	327.5
143	327.6
144	327.6
145	327.7
146	327.7
147	327.8
148	328
149	328.1
150	328.3
151	328.5
152	328.8
153	329
154	329.3
155	329.6
156	330
157	330.3
158	330.7
159	331.2
160	331.6
161	332.1
162	332.6
163	333.1
164	333.6
165	334.2
166	334.8
167	335.4
168	336
169	336.7
170	337.4
171	338.1
172	338.8
173	339.5
174	340.2
175	341
176	341.8
177	342.6
178	343.4
179	344.2
180	345
181	345.8
182	346.7
183	347.5
184	348.3
185	349.2
186	350
187	350.8
188	351.6
189	352.4
190	353.2
191	354
192	354.8
193	355.5
194	356.3
195	357
196	357.7
197	358.4
198	359
199	359.7
200	0.3
201	0.8
202	1.4
203	1.9
204	2.4
205	2.8
206	3.3
207	3.6
208	4
209	4.3
210	4.6
211	4.9
212	5.1
213	5.3
214	5.4
215	5.6
216	5.7
217	5.7
218	5.8
219	5.8
220	5.7
221	5.7
222	5.6
223	5.5
224	5.3
225	5.2
226	5
227	4.7
228	4.5
229	4.2
230	3.9
231	3.6
232	3.3
233	2.9
234	2.5
235	2.1
236	1.7
237	1.3
238	0.8
239	0.3
240	359.8
241	359.3
242	358.8
243	358.3
244	357.8
245	357.2
246	356.7
247	356.1
248	355.6
249	355
250	354.5
251	353.9
252	353.4
253	352.8
254	352.3
255	351.7
256	351.2
257	350.7
258	350.1
259	349.6
260	349.1
261	348.7
262	348.2
263	347.7
264	347.3
265	346.9
266	346.5
267	346.1
268	345.7
269	345.3
270	345
271	344.7
272	344.4
273	344.1
274	343.8
275	343.6
276	343.3
277	343.1
278	342.9
279	342.7
280	342.5
281	342.4
282	342.2
283	342.1
284	341.9
285	341.8
286	341.7
287	341.6
288	341.5
289	341.4
290	341.4
291	341.3
292	341.2
293	341.2
294	341.1
295	341.1
296	341
297	341
298	341
299	340.9
300	340.9
301	340.9
302	340.8
303	340.8
304	340.8
305	340.8
306	340.8
307	340.8
308	340.8
309	340.8
310	340.8
311	340.8
312	340.8
313	340.8
314	340.8
315	340.8
316	340.8
317	340.9
318	340.9
319	340.9
320	341
321	341
322	341
323	341.1
324	341.1
325	341.2
326	341.2
327	341.3
328	341.3
329	341.4
330	341.4
331	341.5
332	341.5
333	341.6
334	341.7
335	341.7
336	341.8
337	341.9
338	342
339	342
340	342.1
341	342.2
342	342.3
343	342.4
344	342.5
345	342.6
346	342.7
347	342.9
348	343
349	343.1
350	343.2
351	343.4
352	343.5
353	343.7
354	343.9
355	344
356	344.2
357	344.4
358	344.6
359	344.8
360	345
1	48.7
2	48.8
3	48.8
4	48.8
5	48.8
6	48.8
7	48.8
8	48.8
9	48.8
10	48.8
11	48.7
12	48.7
13	48.7
14	48.7
15	48.7
16	48.6
17	48.6
18	48.6
19	48.5
20	48.5
21	48.5
22	48.4
23	48.4
24	48.3
25	48.3
26	48.2
27	48.2
28	48.1
29	48.1
30	48
31	47.9
32	47.8
33	47.8
34	47.7
35	47.6
36	47.5
37	47.3
38	47.2
39	47.1
40	47
41	46.8
42	46.7
43	46.5
44	46.3
45	46.1
46	45.9
47	45.7
48	45.5
49	45.2
50	45
51	44.7
52	44.5
53	44.2
54	43.9
55	43.6
56	43.3
57	43
58	42.6
59	42.3
60	41.9
61	41.6
62	41.2
63	40.9
64	40.5
65	40.1
66	39.7
67	39.3
68	39
69	38.6
70	38.2
71	37.8
72	37.4
73	37.1
74	36.7
75	36.3
76	36
77	35.6
78	35.3
79	34.9
80	34.6
81	34.3
82	34
83	33.7
84	33.4
85	33.1
86	32.8
87	32.6
88	32.3
89	32.1
90	31.9
91	31.7
92	31.5
93	31.4
94	31.2
95	31.1
96	31
97	30.9
98	30.8
99	30.8
100	30.7
101	30.7
102	30.7
103	30.7
104	30.7
105	30.8
106	30.9
107	31
108	31.1
109	31.3
110	31.4
111	31.6
112	31.9
113	32.1
114	32.4
115	32.6
116	32.9
117	33.3
118	33.6
119	34
120	34.4
121	34.8
122	35.2
123	35.7
124	36.2
125	36.6
126	37.1
127	37.7
128	38.2
129	38.7
130	39.3
131	39.8
132	40.4
133	41
134	41.5
135	42.1
136	42.7
137	43.3
138	43.9
139	44.4
140	45
141	45.6
142	46.1
143	46.7
144	47.2
145	47.8
146	48.3
147	48.8
148	49.3
149	49.8
150	50.3
151	50.7
152	51.2
153	51.6
154	52.1
155	52.5
156	52.9
157	53.3
158	53.7
159	54.1
160	54.4
161	54.8
162	55.1
163	55.4
164	55.7
165	56
166	56.3
167	56.6
168	56.8
169	57.1
170	57.3
171	57.5
172	57.7
173	57.9
174	58.1
175	58.2
176	58.4
177	58.5
178	58.6
179	58.7
180	58.8
181	58.8
182	58.9
183	58.9
184	58.9
185	58.9
186	58.9
187	58.8
188	58.8
189	58.7
190	58.6
191	58.5
192	58.3
193	58.2
194	58
195	57.9
196	57.7
197	57.5
198	57.2
199	57
200	56.8
201	56.5
202	56.2
203	56
204	55.7
205	55.4
206	55.1
207	54.7
208	54.4
209	54.1
210	53.7
211	53.4
212	53
213	52.6
214	52.2
215	51.8
216	51.4
217	51
218	50.6
219	50.2
220	49.7
221	49.3
222	48.8
223	48.4
224	47.9
225	47.4
226	47
227	46.5
228	46
229	45.5
230	45
231	44.5
232	44
233	43.5
234	43
235	42.5
236	42
237	41.5
238	41
239	40.5
240	40.1
241	39.6
242	39.1
243	38.7
244	38.3
245	37.8
246	37.4
247	37
248	36.6
249	36.3
250	35.9
251	35.6
252	35.3
253	35
254	34.7
255	34.4
256	34.2
257	34
258	33.8
259	33.6
260	33.4
261	33.3
262	33.1
263	33
264	32.9
265	32.9
266	32.8
267	32.8
268	32.7
269	32.7
270	32.7
271	32.8
272	32.8
273	32.9
274	32.9
275	33
276	33.1
277	33.3
278	33.4
279	33.5
280	33.7
281	33.9
282	34
283	34.2
284	34.5
285	34.7
286	34.9
287	35.1
288	35.4
289	35.7
290	35.9
291	36.2
292	36.5
293	36.8
294	37.1
295	37.4
296	37.7
297	38
298	38.3
299	38.7
300	39
301	39.3
302	39.7
303	40
304	40.3
305	40.7
306	41
307	41.3
308	41.6
309	41.9
310	42.3
311	42.6
312	42.9
313	43.2
314	43.5
315	43.7
316	44
317	44.3
318	44.5
319	44.8
320	45
321	45.2
322	45.4
323	45.6
324	45.8
325	46
326	46.2
327	46.4
328	46.5
329	46.7
330	46.8
331	47
332	47.1
333	47.2
334	47.3
335	47.4
336	47.5
337	47.6
338	47.7
339	47.8
340	47.9
341	47.9
342	48
343	48.1
344	48.1
345	48.2
346	48.3
347	48.3
348	48.4
349	48.4
350	48.4
351	48.5
352	48.5
353	48.6
354	48.6
355	48.6
356	48.6
357	48.7
358	48.7
359	48.7
360	48.7
1	76.7
2	76.5
3	76.4
4	76.2
5	76
6	75.8
7	75.6
8	75.4
9	75.2
10	75
11	74.8
12	74.5
13	74.3
14	74
15	73.8
16	73.5
17	73.2
18	73
19	72.7
20	72.4
21	72.1
22	71.8
23	71.5
24	71.2
25	70.9
26	70.6
27	70.3
28	70
29	69.7
30	69.4
31	69.1
32	68.8
33	68.5
34	68.3
35	68
36	67.7
37	67.5
38	67.2
39	67
40	66.8
41	66.5
42	66.3
43	66.1
44	65.9
45	65.7
46	65.6
47	65.4
48	65.3
49	65.1
50	65
51	64.9
52	64.8
53	64.7
54	64.6
55	64.6
56	64.5
57	64.5
58	64.4
59	64.4
60	64.4
61	64.4
62	64.5
63	64.5
64	64.6
65	64.6
66	64.7
67	64.8
68	64.9
69	65
70	65.2
71	65.3
72	65.5
73	65.6
74	65.8
75	66
76	66.3
77	66.5
78	66.7
79	67
80	67.3
81	67.5
82	67.8
83	68.2
84	68.5
85	68.8
86	69.2
87	69.5
88	69.9
89	70.3
90	70.7
91	71.1
92	71.5
93	71.9
94	72.3
95	72.7
96	73.2
97	73.6
98	74.1
99	74.5
100	75
101	75.5
102	75.9
103	76.4
104	76.9
105	77.4
106	77.9
107	78.4
108	78.8
109	79.3
110	79.8
111	80.3
112	80.8
113	81.3
114	81.8
115	82.3
116	82.8
117	83.2
118	83.7
119	84.2
120	84.7
121	85.2
122	85.6
123	86.1
124	86.5
125	87
126	87.4
127	87.8
128	88.3
129	88.7
130	89.1
131	89.5
132	89.9
133	90.2
134	90.6
135	90.9
136	91.3
137	91.6
138	91.9
139	92.1
140	92.4
141	92.6
142	92.9
143	93.1
144	93.2
145	93.4
146	93.5
147	93.6
148	93.7
149	93.8
150	93.8
151	93.8
152	93.8
153	93.8
154	93.7
155	93.6
156	93.5
157	93.3
158	93.1
159	92.9
160	92.7
161	92.4
162	92.1
163	91.8
164	91.5
165	91.1
166	90.7
167	90.3
168	89.8
169	89.3
170	88.8
171	88.3
172	87.7
173	87.2
174	86.6
175	85.9
176	85.3
177	84.7
178	84
179	83.3
180	82.6
181	81.9
182	81.1
183	80.4
184	79.6
185	78.9
186	78.1
187	77.3
188	76.6
189	75.8
190	75
191	74.2
192	73.4
193	72.7
194	71.9
195	71.1
196	70.4
197	69.6
198	68.9
199	68.2
200	67.5
201	66.8
202	66.1
203	65.5
204	64.8
205	64.2
206	63.6
207	63
208	62.5
209	62
210	61.5
211	61
212	60.6
213	60.2
214	59.8
215	59.4
216	59.1
217	58.8
218	58.5
219	58.2
220	58
221	57.8
222	57.6
223	57.5
224	57.4
225	57.3
226	57.2
227	57.2
228	57.2
229	57.2
230	57.3
231	57.3
232	57.4
233	57.5
234	57.7
235	57.8
236	58
237	58.2
238	58.4
239	58.6
240	58.9
241	59.2
242	59.5
243	59.8
244	60.1
245	60.4
246	60.8
247	61.2
248	61.6
249	62
250	62.4
251	62.8
252	63.2
253	63.7
254	64.1
255	64.6
256	65
257	65.5
258	65.9
259	66.4
260	66.9
261	67.4
262	67.8
263	68.3
264	68.8
265	69.2
266	69.7
267	70.1
268	70.6
269	71
270	71.4
271	71.8
272	72.2
273	72.6
274	73
275	73.4
276	73.7
277	74.1
278	74.4
279	74.7
280	75
281	75.3
282	75.6
283	75.8
284	76
285	76.3
286	76.5
287	76.7
288	76.9
289	77.1
290	77.2
291	77.4
292	77.5
293	77.7
294	77.8
295	77.9
296	78
297	78.1
298	78.2
299	78.3
300	78.4
301	78.4
302	78.5
303	78.6
304	78.6
305	78.7
306	78.7
307	78.8
308	78.8
309	78.8
310	78.9
311	78.9
312	78.9
313	79
314	79
315	79
316	79
317	79
318	79
319	79
320	79
321	79
322	79
323	79
324	79
325	79
326	79
327	79
328	79
329	78.9
330	78.9
331	78.9
332	78.8
333	78.8
334	78.8
335	78.7
336	78.7
337	78.7
338	78.6
339	78.6
340	78.5
341	78.5
342	78.4
343	78.4
344	78.3
345	78.2
346	78.2
347	78.1
348	78
349	78
350	77.9
351	77.8
352	77.7
353	77.6
354	77.5
355	77.4
356	77.3
357	77.2
358	77.1
359	76.9
360	76.8
1	103.1
2	102.9
3	102.8
4	102.7
5	102.6
6	102.5
7	102.4
8	102.3
9	102.2
10	102.1
11	102
12	102
13	101.9
14	101.8
15	101.8
16	101.7
17	101.6
18	101.6
19	101.5
20	101.5
21	101.4
22	101.4
23	101.3
24	101.3
25	101.3
26	101.2
27	101.2
28	101.2
29	101.1
30	101.1
31	101.1
32	101
33	101
34	101
35	101
36	101
37	101
38	101
39	101
40	101
41	101
42	101
43	101
44	101
45	101
46	101
47	101
48	101.1
49	101.1
50	101.1
51	101.2
52	101.2
53	101.2
54	101.3
55	101.3
56	101.4
57	101.4
58	101.5
59	101.6
60	101.6
61	101.7
62	101.8
63	101.9
64	102
65	102.1
66	102.2
67	102.3
68	102.5
69	102.6
70	102.8
71	102.9
72	103.1
73	103.3
74	103.5
75	103.7
76	104
77	104.2
78	104.4
79	104.7
80	105
81	105.3
82	105.6
83	105.9
84	106.3
85	106.6
86	107
87	107.4
88	107.8
89	108.2
90	108.6
91	109
92	109.4
93	109.9
94	110.3
95	110.8
96	111.2
97	111.7
98	112.2
99	112.6
100	113.1
101	113.6
102	114.1
103	114.5
104	115
105	115.4
106	115.9
107	116.3
108	116.8
109	117.2
110	117.6
111	118
112	118.4
113	118.8
114	119.2
115	119.6
116	119.9
117	120.2
118	120.5
119	120.8
120	121.1
121	121.4
122	121.6
123	121.8
124	122
125	122.2
126	122.3
127	122.5
128	122.6
129	122.7
130	122.7
131	122.8
132	122.8
133	122.8
134	122.8
135	122.7
136	122.6
137	122.5
138	122.4
139	122.2
140	122
141	121.8
142	121.5
143	121.2
144	120.9
145	120.6
146	120.2
147	119.8
148	119.4
149	119
150	118.5
151	118
152	117.5
153	117
154	116.4
155	115.8
156	115.2
157	114.5
158	113.9
159	113.2
160	112.5
161	111.8
162	111.1
163	110.4
164	109.6
165	108.9
166	108.1
167	107.3
168	106.6
169	105.8
170	105
171	104.2
172	103.4
173	102.7
174	101.9
175	101.1
176	100.4
177	99.6
178	98.9
179	98.1
180	97.4
181	96.7
182	96
183	95.3
184	94.7
185	94.1
186	93.4
187	92.8
188	92.3
189	91.7
190	91.2
191	90.7
192	90.2
193	89.7
194	89.3
195	88.9
196	88.5
197	88.2
198	87.9
199	87.6
200	87.3
201	87.1
202	86.9
203	86.7
204	86.5
205	86.4
206	86.3
207	86.2
208	86.2
209	86.2
210	86.2
211	86.2
212	86.3
213	86.4
214	86.5
215	86.6
216	86.8
217	86.9
218	87.1
219	87.4
220	87.6
221	87.9
222	88.1
223	88.4
224	88.7
225	89.1
226	89.4
227	89.8
228	90.1
229	90.5
230	90.9
231	91.3
232	91.7
233	92.2
234	92.6
235	93
236	93.5
237	93.9
238	94.4
239	94.8
240	95.3
241	95.8
242	96.3
243	96.8
244	97.2
245	97.7
246	98.2
247	98.7
248	99.2
249	99.7
250	100.2
251	100.7
252	101.2
253	101.6
254	102.1
255	102.6
256	103.1
257	103.6
258	104.1
259	104.5
260	105
261	105.5
262	105.9
263	106.4
264	106.8
265	107.3
266	107.7
267	108.1
268	108.5
269	108.9
270	109.3
271	109.7
272	110.1
273	110.5
274	110.8
275	111.2
276	111.5
277	111.8
278	112.2
279	112.5
280	112.7
281	113
282	113.3
283	113.5
284	113.7
285	114
286	114.2
287	114.4
288	114.5
289	114.7
290	114.8
291	115
292	115.1
293	115.2
294	115.3
295	115.4
296	115.4
297	115.5
298	115.5
299	115.6
300	115.6
301	115.6
302	115.6
303	115.5
304	115.5
305	115.4
306	115.4
307	115.3
308	115.2
309	115.1
310	115
311	114.9
312	114.7
313	114.6
314	114.4
315	114.3
316	114.1
317	113.9
318	113.7
319	113.5
320	113.2
321	113
322	112.8
323	112.5
324	112.3
325	112
326	111.7
327	111.5
328	111.2
329	110.9
330	110.6
331	110.3
332	110
333	109.7
334	109.4
335	109.1
336	108.8
337	108.5
338	108.2
339	107.9
340	107.6
341	107.3
342	107
343	106.8
344	106.5
345	106.2
346	106
347	105.7
348	105.5
349	105.2
350	105
351	104.8
352	104.6
353	104.4
354	104.2
355	104
356	103.8
357	103.6
358	103.5
359	103.3
360	103.2
1	131.3
2	131.3
3	131.3
4	131.4
5	131.4
6	131.4
7	131.4
8	131.5
9	131.5
10	131.6
11	131.6
12	131.6
13	131.7
14	131.7
15	131.8
16	131.9
17	131.9
18	132
19	132.1
20	132.1
21	132.2
22	132.3
23	132.4
24	132.5
25	132.6
26	132.7
27	132.8
28	132.9
29	133
30	133.2
31	133.3
32	133.5
33	133.6
34	133.8
35	134
36	134.2
37	134.4
38	134.6
39	134.8
40	135
41	135.2
42	135.5
43	135.7
44	136
45	136.3
46	136.5
47	136.8
48	137.1
49	137.4
50	137.7
51	138.1
52	138.4
53	138.7
54	139
55	139.3
56	139.7
57	140
58	140.3
59	140.7
60	141
61	141.3
62	141.7
63	142
64	142.3
65	142.6
66	142.9
67	143.2
68	143.5
69	143.8
70	144.1
71	144.3
72	144.6
73	144.9
74	145.1
75	145.3
76	145.5
77	145.8
78	146
79	146.1
80	146.3
81	146.5
82	146.6
83	146.7
84	146.9
85	147
86	147.1
87	147.1
88	147.2
89	147.2
90	147.3
91	147.3
92	147.3
93	147.2
94	147.2
95	147.1
96	147.1
97	147
98	146.9
99	146.7
100	146.6
101	146.4
102	146.2
103	146
104	145.8
105	145.6
106	145.3
107	145
108	144.7
109	144.4
110	144.1
111	143.7
112	143.4
113	143
114	142.6
115	142.2
116	141.7
117	141.3
118	140.9
119	140.4
120	139.9
121	139.5
122	139
123	138.5
124	138
125	137.5
126	137
127	136.5
128	136
129	135.5
130	135
131	134.5
132	134
133	133.5
134	133
135	132.6
136	132.1
137	131.6
138	131.2
139	130.7
140	130.3
141	129.8
142	129.4
143	129
144	128.6
145	128.2
146	127.8
147	127.4
148	127
149	126.6
150	126.3
151	125.9
152	125.6
153	125.3
154	124.9
155	124.6
156	124.3
157	124
158	123.8
159	123.5
160	123.2
161	123
162	122.8
163	122.5
164	122.3
165	122.1
166	122
167	121.8
168	121.7
169	121.5
170	121.4
171	121.3
172	121.2
173	121.2
174	121.1
175	121.1
176	121.1
177	121.1
178	121.1
179	121.2
180	121.2
181	121.3
182	121.4
183	121.5
184	121.6
185	121.8
186	121.9
187	122.1
188	122.3
189	122.5
190	122.7
191	122.9
192	123.2
193	123.4
194	123.7
195	124
196	124.3
197	124.6
198	124.9
199	125.2
200	125.6
201	125.9
202	126.3
203	126.7
204	127.1
205	127.5
206	127.9
207	128.4
208	128.8
209	129.3
210	129.7
211	130.2
212	130.7
213	131.2
214	131.7
215	132.2
216	132.8
217	133.3
218	133.9
219	134.4
220	135
221	135.6
222	136.1
223	136.7
224	137.3
225	137.9
226	138.5
227	139
228	139.6
229	140.2
230	140.7
231	141.3
232	141.8
233	142.3
234	142.9
235	143.4
236	143.8
237	144.3
238	144.8
239	145.2
240	145.6
241	146
242	146.4
243	146.7
244	147.1
245	147.4
246	147.6
247	147.9
248	148.1
249	148.4
250	148.6
251	148.7
252	148.9
253	149
254	149.1
255	149.2
256	149.3
257	149.3
258	149.3
259	149.3
260	149.3
261	149.2
262	149.2
263	149.1
264	149
265	148.9
266	148.8
267	148.6
268	148.5
269	148.3
270	148.1
271	147.9
272	147.7
273	147.4
274	147.2
275	146.9
276	146.6
277	146.3
278	146
279	145.7
280	145.4
281	145.1
282	144.7
283	144.4
284	144
285	143.7
286	143.3
287	142.9
288	142.6
289	142.2
290	141.8
291	141.4
292	141
293	140.7
294	140.3
295	139.9
296	139.5
297	139.1
298	138.8
299	138.4
300	138.1
301	137.7
302	137.4
303	137
304	136.7
305	136.4
306	136.1
307	135.8
308	135.5
309	135.3
310	135
311	134.8
312	134.5
313	134.3
314	134.1
315	133.9
316	133.7
317	133.5
318	133.3
319	133.2
320	133
321	132.9
322	132.8
323	132.7
324	132.5
325	132.4
326	132.3
327	132.2
328	132.2
329	132.1
330	132
331	131.9
332	131.9
333	131.8
334	131.8
335	131.7
336	131.7
337	131.6
338	131.6
339	131.5
340	131.5
341	131.5
342	131.4
343	131.4
344	131.4
345	131.3
346	131.3
347	131.3
348	131.3
349	131.3
350	131.2
351	131.2
352	131.2
353	131.2
354	131.2
355	131.2
356	131.2
357	131.2
358	131.2
359	131.3
360	131.3
1	165.2
2	165.4
3	165.7
4	165.9
5	166.1
6	166.4
7	166.7
8	166.9
9	167.2
10	167.4
11	167.7
12	168
13	168.2
14	168.5
15	168.8
16	169.1
17	169.3
18	169.6
19	169.9
20	170.1
21	170.4
22	170.6
23	170.9
24	171.1
25	171.4
26	171.6
27	171.8
28	172.1
29	172.3
30	172.5
31	172.7
32	172.8
33	173
34	173.2
35	173.3
36	173.5
37	173.6
38	173.7
39	173.9
40	174
41	174.1
42	174.1
43	174.2
44	174.3
45	174.3
46	174.3
47	174.4
48	174.4
49	174.4
50	174.4
51	174.4
52	174.3
53	174.3
54	174.2
55	174.2
56	174.1
57	174
58	173.9
59	173.8
60	173.7
61	173.5
62	173.4
63	173.2
64	173.1
65	172.9
66	172.7
67	172.5
68	172.3
69	172
70	171.8
71	171.5
72	171.3
73	171
74	170.7
75	170.4
76	170.1
77	169.8
78	169.5
79	169.2
80	168.8
81	168.5
82	168.1
83	167.7
84	167.4
85	167
86	166.6
87	166.2
88	165.8
89	165.4
90	165
91	164.6
92	164.2
93	163.7
94	163.3
95	162.9
96	162.5
97	162
98	161.6
99	161.1
100	160.7
101	160.2
102	159.8
103	159.4
104	158.9
105	158.5
106	158
107	157.6
108	157.2
109	156.7
110	156.3
111	155.9
112	155.4
113	155
114	154.6
115	154.2
116	153.8
117	153.4
118	153
119	152.6
120	152.2
121	151.8
122	151.5
123	151.1
124	150.8
125	150.5
126	150.2
127	149.9
128	149.6
129	149.3
130	149.1
131	148.9
132	148.6
133	148.4
134	148.3
135	148.1
136	148
137	147.8
138	147.7
139	147.7
140	147.6
141	147.6
142	147.5
143	147.6
144	147.6
145	147.7
146	147.7
147	147.8
148	148
149	148.1
150	148.3
151	148.5
152	148.8
153	149
154	149.3
155	149.6
156	150
157	150.3
158	150.7
159	151.2
160	151.6
161	152.1
162	152.6
163	153.1
164	153.6
165	154.2
166	154.8
167	155.4
168	156
169	156.7
170	157.4
171	158.1
172	158.8
173	159.5
174	160.2
175	161
176	161.8
177	162.6
178	163.4
179	164.2
180	165
181	165.8
182	166.7
183	167.5
184	168.3
185	169.2
186	170
187	170.8
188	171.6
189	172.4
190	173.2
191	174
192	174.8
193	175.5
194	176.3
195	177
196	177.7
197	178.4
198	179
199	179.7
200	180.3
201	180.8
202	181.4
203	181.9
204	182.4
205	182.8
206	183.3
207	183.6
208	184
209	184.3
210	184.6
211	184.9
212	185.1
213	185.3
214	185.4
215	185.6
216	185.7
217	185.7
218	185.8
219	185.8
220	185.7
221	185.7
222	185.6
223	185.5
224	185.3
225	185.2
226	185
227	184.7
228	184.5
229	184.2
230	183.9
231	183.6
232	183.3
233	182.9
234	182.5
235	182.1
236	181.7
237	181.3
238	180.8
239	180.3
240	179.8
241	179.3
242	178.8
243	178.3
244	177.8
245	177.2
246	176.7
247	176.1
248	175.6
249	175
250	174.5
251	173.9
252	173.4
253	172.8
254	172.3
255	171.7
256	171.2
257	170.7
258	170.1
259	169.6
260	169.1
261	168.7
262	168.2
263	167.7
264	167.3
265	166.9
266	166.5
267	166.1
268	165.7
269	165.3
270	165
271	164.7
272	164.4
273	164.1
274	163.8
275	163.6
276	163.3
277	163.1
278	162.9
279	162.7
280	162.5
281	162.4
282	162.2
283	162.1
284	161.9
285	161.8
286	161.7
287	161.6
288	161.5
289	161.4
290	161.4
291	161.3
292	161.2
293	161.2
294	161.1
295	161.1
296	161
297	161
298	161
299	160.9
300	160.9
301	160.9
302	160.8
303	160.8
304	160.8
305	160.8
306	160.8
307	160.8
308	160.8
309	160.8
310	160.8
311	160.8
312	160.8
313	160.8
314	160.8
315	160.8
316	160.8
317	160.9
318	160.9
319	160.9
320	161
321	161
322	161
323	161.1
324	161.1
325	161.2
326	161.2
327	161.3
328	161.3
329	161.4
330	161.4
331	161.5
332	161.5
333	161.6
334	161.7
335	161.7
336	161.8
337	161.9
338	162
339	162
340	162.1
341	162.2
342	162.3
343	162.4
344	162.5
345	162.6
346	162.7
347	162.9
348	163
349	163.1
350	163.2
351	163.4
352	163.5
353	163.7
354	163.9
355	164
356	164.2
357	164.4
358	164.6
359	164.8
360	165
1	195.2
2	195.4
3	195.6
4	195.8
5	196
6	196.1
7	196.3
8	196.5
9	196.6
10	196.8
11	196.9
12	197
13	197.1
14	197.3
15	197.4
16	197.5
17	197.6
18	197.7
19	197.8
20	197.9
21	198
22	198
23	198.1
24	198.2
25	198.3
26	198.3
27	198.4
28	198.5
29	198.5
30	198.6
31	198.6
32	198.7
33	198.7
34	198.8
35	198.8
36	198.9
37	198.9
38	199
39	199
40	199
41	199.1
42	199.1
43	199.1
44	199.2
45	199.2
46	199.2
47	199.2
48	199.2
49	199.2
50	199.2
51	199.2
52	199.2
53	199.2
54	199.2
55	199.2
56	199.2
57	199.2
58	199.2
59	199.1
60	199.1
61	199.1
62	199
63	199
64	199
65	198.9
66	198.9
67	198.8
68	198.8
69	198.7
70	198.6
71	198.6
72	198.5
73	198.4
74	198.3
75	198.2
76	198.1
77	197.9
78	197.8
79	197.6
80	197.5
81	197.3
82	197.1
83	196.9
84	196.7
85	196.4
86	196.2
87	195.9
88	195.6
89	195.3
90	195
91	194.7
92	194.3
93	193.9
94	193.5
95	193.1
96	192.7
97	192.3
98	191.8
99	191.3
100	190.9
101	190.4
102	189.9
103	189.3
104	188.8
105	188.3
106	187.7
107	187.2
108	186.6
109	186.1
110	185.5
111	185
112	184.4
113	183.9
114	183.3
115	182.8
116	182.2
117	181.7
118	181.2
119	180.7
120	180.2
121	179.7
122	179.2
123	178.7
124	178.3
125	177.9
126	177.5
127	177.1
128	176.7
129	176.4
130	176.1
131	175.8
132	175.5
133	175.3
134	175
135	174.8
136	174.7
137	174.5
138	174.4
139	174.3
140	174.3
141	174.2
142	174.2
143	174.3
144	174.3
145	174.4
146	174.6
147	174.7
148	174.9
149	175.1
150	175.4
151	175.7
152	176
153	176.4
154	176.7
155	177.2
156	177.6
157	178.1
158	178.6
159	179.2
160	179.7
161	180.3
162	181
163	181.6
164	182.3
165	183
166	183.7
167	184.5
168	185.2
169	186
170	186.8
171	187.6
172	188.4
173	189.2
174	190
175	190.8
176	191.7
177	192.5
178	193.3
179	194.2
180	195
181	195.8
182	196.6
183	197.4
184	198.2
185	199
186	199.8
187	200.5
188	201.2
189	201.9
190	202.6
191	203.3
192	204
193	204.6
194	205.2
195	205.8
196	206.4
197	206.9
198	207.4
199	207.9
200	208.4
201	208.8
202	209.3
203	209.7
204	210
205	210.4
206	210.7
207	211
208	211.2
209	211.5
210	211.7
211	211.9
212	212
213	212.2
214	212.3
215	212.3
216	212.4
217	212.4
218	212.5
219	212.4
220	212.4
221	212.3
222	212.3
223	212.2
224	212
225	211.9
226	211.7
227	211.6
228	211.4
229	211.1
230	210.9
231	210.7
232	210.4
233	210.1
234	209.8
235	209.5
236	209.2
237	208.9
238	208.5
239	208.2
240	207.8
241	207.4
242	207
243	206.6
244	206.2
245	205.8
246	205.4
247	205
248	204.6
249	204.1
250	203.7
251	203.3
252	202.8
253	202.4
254	202
255	201.5
256	201.1
257	200.6
258	200.2
259	199.8
260	199.3
261	198.9
262	198.4
263	198
264	197.5
265	197.1
266	196.7
267	196.3
268	195.8
269	195.4
270	195
271	194.6
272	194.2
273	193.8
274	193.4
275	193
276	192.6
277	192.3
278	191.9
279	191.5
280	191.2
281	190.8
282	190.5
283	190.2
284	189.9
285	189.6
286	189.3
287	189
288	188.7
289	188.5
290	188.2
291	188
292	187.7
293	187.5
294	187.3
295	187.1
296	186.9
297	186.8
298	186.6
299	186.5
300	186.3
301	186.2
302	186.1
303	186
304	185.9
305	185.8
306	185.8
307	185.7
308	185.7
309	185.6
310	185.6
311	185.6
312	185.6
313	185.6
314	185.7
315	185.7
316	185.7
317	185.8
318	185.9
319	185.9
320	186
321	186.1
322	186.3
323	186.4
324	186.5
325	186.7
326	186.8
327	187
328	187.2
329	187.3
330	187.5
331	187.7
332	187.9
333	188.2
334	188.4
335	188.6
336	188.9
337	189.1
338	189.4
339	189.6
340	189.9
341	190.1
342	190.4
343	190.7
344	190.9
345	191.2
346	191.5
347	191.8
348	192
349	192.3
350	192.6
351	192.8
352	193.1
353	193.3
354	193.6
355	193.9
356	194.1
357	194.3
358	194.6
359	194.8
360	195
1	228.7
2	228.8
3	228.8
4	228.8
5	228.8
6	228.8
7	228.8
8	228.8
9	228.8
10	228.8
11	228.7
12	228.7
13	228.7
14	228.7
15	228.7
16	228.6
17	228.6
18	228.6
19	228.5
20	228.5
21	228.5
22	228.4
23	228.4
24	228.3
25	228.3
26	228.2
27	228.2
28	228.1
29	228.1
30	228
31	227.9
32	227.8
33	227.8
34	227.7
35	227.6
36	227.5
37	227.3
38	227.2
39	227.1
40	227
41	226.8
42	226.7
43	226.5
44	226.3
45	226.1
46	225.9
47	225.7
48	225.5
49	225.2
50	225
51	224.7
52	224.5
53	224.2
54	223.9
55	223.6
56	223.3
57	223
58	222.6
59	222.3
60	221.9
61	221.6
62	221.2
63	220.9
64	220.5
65	220.1
66	219.7
67	219.3
68	219
69	218.6
70	218.2
71	217.8
72	217.4
73	217.1
74	216.7
75	216.3
76	216
77	215.6
78	215.3
79	214.9
80	214.6
81	214.3
82	214
83	213.7
84	213.4
85	213.1
86	212.8
87	212.6
88	212.3
89	212.1
90	211.9
91	211.7
92	211.5
93	211.4
94	211.2
95	211.1
96	211
97	210.9
98	210.8
99	210.8
100	210.7
101	210.7
102	210.7
103	210.7
104	210.7
105	210.8
106	210.9
107	211
108	211.1
109	211.3
110	211.4
111	211.6
112	211.9
113	212.1
114	212.4
115	212.6
116	212.9
117	213.3
118	213.6
119	214
120	214.4
121	214.8
122	215.2
123	215.7
124	216.2
125	216.6
126	217.1
127	217.7
128	218.2
129	218.7
130	219.3
131	219.8
132	220.4
133	221
134	221.5
135	222.1
136	222.7
137	223.3
138	223.9
139	224.4
140	225
141	225.6
142	226.1
143	226.7
144	227.2
145	227.8
146	228.3
147	228.8
148	229.3
149	229.8
150	230.3
151	230.7
152	231.2
153	231.6
154	232.1
155	232.5
156	232.9
157	233.3
158	233.7
159	234.1
160	234.4
161	234.8
162	235.1
163	235.4
164	235.7
165	236
166	236.3
167	236.6
168	236.8
169	237.1
170	237.3
171	237.5
172	237.7
173	237.9
174	238.1
175	238.2
176	238.4
177	238.5
178	238.6
179	238.7
180	238.8
181	238.8
182	238.9
183	238.9
184	238.9
185	238.9
186	238.9
187	238.8
188	238.8
189	238.7
190	238.6
191	238.5
192	238.3
193	238.2
194	238
195	237.9
196	237.7
197	237.5
198	237.2
199	237
200	236.8
201	236.5
202	236.2
203	236
204	235.7
205	235.4
206	235.1
207	234.7
208	234.4
209	234.1
210	233.7
211	233.4
212	233
213	232.6
214	232.2
215	231.8
216	231.4
217	231
218	230.6
219	230.2
220	229.7
221	229.3
222	228.8
223	228.4
224	227.9
225	227.4
226	227
227	226.5
228	226
229	225.5
230	225
231	224.5
232	224
233	223.5
234	223
235	222.5
236	222
237	221.5
238	221
239	220.5
240	220.1
241	219.6
242	219.1
243	218.7
244	218.3
245	217.8
246	217.4
247	217
248	216.6
249	216.3
250	215.9
251	215.6
252	215.3
253	215
254	214.7
255	214.4
256	214.2
257	214
258	213.8
259	213.6
260	213.4
261	213.3
262	213.1
263	213
264	212.9
265	212.9
266	212.8
267	212.8
268	212.7
269	212.7
270	212.7
271	212.8
272	212.8
273	212.9
274	212.9
275	213
276	213.1
277	213.3
278	213.4
279	213.5
280	213.7
281	213.9
282	214
283	214.2
284	214.5
285	214.7
286	214.9
287	215.1
288	215.4
289	215.7
290	215.9
291	216.2
292	216.5
293	216.8
294	217.1
295	217.4
296	217.7
297	218
298	218.3
299	218.7
300	219
301	219.3
302	219.7
303	220
304	220.3
305	220.7
306	221
307	221.3
308	221.6
309	221.9
310	222.3
311	222.6
312	222.9
313	223.2
314	223.5
315	223.7
316	224
317	224.3
318	224.5
319	224.8
320	225
321	225.2
322	225.4
323	225.6
324	225.8
325	226
326	226.2
327	226.4
328	226.5
329	226.7
330	226.8
331	227
332	227.1
333	227.2
334	227.3
335	227.4
336	227.5
337	227.6
338	227.7
339	227.8
340	227.9
341	227.9
342	228
343	228.1
344	228.1
345	228.2
346	228.3
347	228.3
348	228.4
349	228.4
350	228.4
351	228.5
352	228.5
353	228.6
354	228.6
355	228.6
356	228.6
357	228.7
358	228.7
359	228.7
360	228.7
1	256.7
2	256.5
3	256.4
4	256.2
5	256
6	255.8
7	255.6
8	255.4
9	255.2
10	255
11	254.8
12	254.5
13	254.3
14	254
15	253.8
16	253.5
17	253.2
18	253
19	252.7
20	252.4
21	252.1
22	251.8
23	251.5
24	251.2
25	250.9
26	250.6
27	250.3
28	250
29	249.7
30	249.4
31	249.1
32	248.8
33	248.5
34	248.3
35	248
36	247.7
37	247.5
38	247.2
39	247
40	246.8
41	246.5
42	246.3
43	246.1
44	245.9
45	245.7
46	245.6
47	245.4
48	245.3
49	245.1
50	245
51	244.9
52	244.8
53	244.7
54	244.6
55	244.6
56	244.5
57	244.5
58	244.4
59	244.4
60	244.4
61	244.4
62	244.5
63	244.5
64	244.6
65	244.6
66	244.7
67	244.8
68	244.9
69	245
70	245.2
71	245.3
72	245.5
73	245.6
74	245.8
75	246
76	246.3
77	246.5
78	246.7
79	247
80	247.3
81	247.5
82	247.8
83	248.2
84	248.5
85	248.8
86	249.2
87	249.5
88	249.9
89	250.3
90	250.7
91	251.1
92	251.5
93	251.9
94	252.3
95	252.7
96	253.2
97	253.6
98	254.1
99	254.5
100	255
101	255.5
102	255.9
103	256.4
104	256.9
105	257.4
106	257.9
107	258.4
108	258.8
109	259.3
110	259.8
111	260.3
112	260.8
113	261.3
114	261.8
115	262.3
116	262.8
117	263.2
118	263.7
119	264.2
120	264.7
121	265.2
122	265.6
123	266.1
124	266.5
125	267
126	267.4
127	267.8
128	268.3
129	268.7
130	269.1
131	269.5
132	269.9
133	270.2
134	270.6
135	270.9
136	271.3
137	271.6
138	271.9
139	272.1
140	272.4
141	272.6
142	272.9
143	273.1
144	273.2
145	273.4
146	273.5
147	273.6
148	273.7
149	273.8
150	273.8
151	273.8
152	273.8
153	273.8
154	273.7
155	273.6
156	273.5
157	273.3
158	273.1
159	272.9
160	272.7
161	272.4
162	272.1
163	271.8
164	271.5
165	271.1
166	270.7
167	270.3
168	269.8
169	269.3
170	268.8
171	268.3
172	267.7
173	267.2
174	266.6
175	265.9
176	265.3
177	264.7
178	264
179	263.3
180	262.6
181	261.9
182	261.1
183	260.4
184	259.6
185	258.9
186	258.1
187	257.3
188	256.6
189	255.8
190	255
191	254.2
192	253.4
193	252.7
194	251.9
195	251.1
196	250.4
197	249.6
198	248.9
199	248.2
200	247.5
201	246.8
202	246.1
203	245.5
204	244.8
205	244.2
206	243.6
207	243
208	242.5
209	242
210	241.5
211	241
212	240.6
213	240.2
214	239.8
215	239.4
216	239.1
217	238.8
218	238.5
219	238.2
220	238
221	237.8
222	237.6
223	237.5
224	237.4
225	237.3
226	237.2
227	237.2
228	237.2
229	237.2
230	237.3
231	237.3
232	237.4
233	237.5
234	237.7
235	237.8
236	238
237	238.2
238	238.4
239	238.6
240	238.9
241	239.2
242	239.5
243	239.8
244	240.1
245	240.4
246	240.8
247	241.2
248	241.6
249	242
250	242.4
251	242.8
252	243.2
253	243.7
254	244.1
255	244.6
256	245
257	245.5
258	245.9
259	246.4
260	246.9
261	247.4
262	247.8
263	248.3
264	248.8
265	249.2
266	249.7
267	250.1
268	250.6
269	251
270	251.4
271	251.8
272	252.2
273	252.6
274	253
275	253.4
276	253.7
277	254.1
278	254.4
279	254.7
280	255
281	255.3
282	255.6
283	255.8
284	256
285	256.3
286	256.5
287	256.7
288	256.9
289	257.1
290	257.2
291	257.4
292	257.5
293	257.7
294	257.8
295	257.9
296	258
297	258.1
298	258.2
299	258.3
300	258.4
301	258.4
302	258.5
303	258.6
304	258.6
305	258.7
306	258.7
307	258.8
308	258.8
309	258.8
310	258.9
311	258.9
312	258.9
313	259
314	259
315	259
316	259
317	259
318	259
319	259
320	259
321	259
322	259
323	259
324	259
325	259
326	259
327	259
328	259
329	258.9
330	258.9
331	258.9
332	258.8
333	258.8
334	258.8
335	258.7
336	258.7
337	258.7
338	258.6
339	258.6
340	258.5
341	258.5
342	258.4
343	258.4
344	258.3
345	258.2
346	258.2
347	258.1
348	258
349	258
350	257.9
351	257.8
352	257.7
353	257.6
354	257.5
355	257.4
356	257.3
357	257.2
358	257.1
359	256.9
360	256.8
1	283.1
2	282.9
3	282.8
4	282.7
5	282.6
6	282.5
7	282.4
8	282.3
9	282.2
10	282.1
11	282
12	282
13	281.9
14	281.8
15	281.8
16	281.7
17	281.6
18	281.6
19	281.5
20	281.5
21	281.4
22	281.4
23	281.3
24	281.3
25	281.3
26	281.2
27	281.2
28	281.2
29	281.1
30	281.1
31	281.1
32	281
33	281
34	281
35	281
36	281
37	281
38	281
39	281
40	281
41	281
42	281
43	281
44	281
45	281
46	281
47	281
48	281.1
49	281.1
50	281.1
51	281.2
52	281.2
53	281.2
54	281.3
55	281.3
56	281.4
57	281.4
58	281.5
59	281.6
60	281.6
61	281.7
62	281.8
63	281.9
64	282
65	282.1
66	282.2
67	282.3
68	282.5
69	282.6
70	282.8
71	282.9
72	283.1
73	283.3
74	283.5
75	283.7
76	284
77	284.2
78	284.4
79	284.7
80	285
81	285.3
82	285.6
83	285.9
84	286.3
85	286.6
86	287
87	287.4
88	287.8
89	288.2
90	288.6
91	289
92	289.4
93	289.9
94	290.3
95	290.8
96	291.2
97	291.7
98	292.2
99	292.6
100	293.1
101	293.6
102	294.1
103	294.5
104	295
105	295.4
106	295.9
107	296.3
108	296.8
109	297.2
110	297.6
111	298
112	298.4
113	298.8
114	299.2
115	299.6
116	299.9
117	300.2
118	300.5
119	300.8
120	301.1
121	301.4
122	301.6
123	301.8
124	302
125	302.2
126	302.3
127	302.5
128	302.6
129	302.7
130	302.7
131	302.8
132	302.8
133	302.8
134	302.8
135	302.7
136	302.6
137	302.5
138	302.4
139	302.2
140	302
141	301.8
142	301.5
143	301.2
144	300.9
145	300.6
146	300.2
147	299.8
148	299.4
149	299
150	298.5
151	298
152	297.5
153	297
154	296.4
155	295.8
156	295.2
157	294.5
158	293.9
159	293.2
160	292.5
161	291.8
162	291.1
163	290.4
164	289.6
165	288.9
166	288.1
167	287.3
168	286.6
169	285.8
170	285
171	284.2
172	283.4
173	282.7
174	281.9
175	281.1
176	280.4
177	279.6
178	278.9
179	278.1
180	277.4
181	276.7
182	276
183	275.3
184	274.7
185	274.1
186	273.4
187	272.8
188	272.3
189	271.7
190	271.2
191	270.7
192	270.2
193	269.7
194	269.3
195	268.9
196	268.5
197	268.2
198	267.9
199	267.6
200	267.3
201	267.1
202	266.9
203	266.7
204	266.5
205	266.4
206	266.3
207	266.2
208	266.2
209	266.2
210	266.2
211	266.2
212	266.3
213	266.4
214	266.5
215	266.6
216	266.8
217	266.9
218	267.1
219	267.4
220	267.6
221	267.9
222	268.1
223	268.4
224	268.7
225	269.1
226	269.4
227	269.8
228	270.1
229	270.5
230	270.9
231	271.3
232	271.7
233	272.2
234	272.6
235	273
236	273.5
237	273.9
238	274.4
239	274.8
240	275.3
241	275.8
242	276.3
243	276.8
244	277.2
245	277.7
246	278.2
247	278.7
248	279.2
249	279.7
250	280.2
251	280.7
252	281.2
253	281.6
254	282.1
255	282.6
256	283.1
257	283.6
258	284.1
259	284.5
260	285
261	285.5
262	285.9
263	286.4
264	286.8
265	287.3
266	287.7
267	288.1
268	288.5
269	288.9
270	289.3
271	289.7
272	290.1
273	290.5
274	290.8
275	291.2
276	291.5
277	291.8
278	292.2
279	292.5
280	292.7
281	293
282	293.3
283	293.5
284	293.7
285	294
286	294.2
287	294.4
288	294.5
289	294.7
290	294.8
291	295
292	295.1
293	295.2
294	295.3
295	295.4
296	295.4
297	295.5
298	295.5
299	295.6
300	295.6
301	295.6
302	295.6
303	295.5
304	295.5
305	295.4
306	295.4
307	295.3
308	295.2
309	295.1
310	295
311	294.9
312	294.7
313	294.6
314	294.4
315	294.3
316	294.1
317	293.9
318	293.7
319	293.5
320	293.2
321	293
322	292.8
323	292.5
324	292.3
325	292
326	291.7
327	291.5
328	291.2
329	290.9
330	290.6
331	290.3
332	290
333	289.7
334	289.4
335	289.1
336	288.8
337	288.5
338	288.2
339	287.9
340	287.6
341	287.3
342	287
343	286.8
344	286.5
345	286.2
346	286
347	285.7
348	285.5
349	285.2
350	285
351	284.8
352	284.6
353	284.4
354	284.2
355	284
356	283.8
357	283.6
358	283.5
359	283.3
360	283.2
